name GA
fontname GaramondNo8-Reg
spacewidth 26
charset
!	26	2	33
"	42	2	34
#	48	2	35
$	48	2	36
%	81	2	37
&	83	2	38
’	28	2	8217
(	30	3	40
)	30	3	41
*	48	2	42
+	81	2	43
,	26	1	44
-	26	0	45
.	26	0	46
/	48	2	47
0	48	2	48
1	48	2	49
2	48	2	50
3	48	2	51
4	48	2	52
5	48	2	53
6	48	2	54
7	48	2	55
8	48	2	56
9	48	2	57
:	26	0	58
;	26	1	59
<	100	2	60
=	81	0	61
>	100	2	62
?	37	2	63
@	82	3	64
A	76	2	65
B	61	2	66
C	74	2	67
D	79	2	68
E	63	2	69
F	59	2	70
G	79	2	71
H	85	2	72
I	33	2	73
J	37	3	74
K	72	2	75
L	61	2	76
M	90	2	77
N	85	2	78
O	85	2	79
P	59	2	80
Q	85	3	81
R	70	2	82
S	48	2	83
T	68	2	84
U	81	2	85
V	72	2	86
W	98	2	87
X	76	2	88
Y	72	2	89
Z	66	2	90
[	30	3	91
\	48	2	92
]	30	3	93
^	50	2	94
_	50	1	95
‘	28	2	8216
a	42	0	97
b	54	2	98
c	42	0	99
d	52	2	100
e	42	0	101
f	31	2	102
g	46	1	103
h	55	2	104
i	28	2	105
j	26	3	106
k	55	2	107
l	28	2	108
m	83	0	109
n	55	0	110
o	54	0	111
p	54	1	112
q	52	1	113
r	39	0	114
s	35	0	115
t	33	2	116
u	54	0	117
v	50	0	118
w	76	0	119
x	50	0	120
y	54	1	121
z	46	0	122
{	44	3	123
|	50	3	124
}	44	3	125
~	100	2	126
¡	26	1	161
¢	48	2	162
£	48	3	163
⁄	11	2	8260
¥	48	2	165
§	48	3	167
¤	48	2	164
'	28	2	39
“	42	2	8220
«	42	0	171
‹	28	0	8249
›	28	0	8250
ﬁ	56	2	64257
ﬂ	56	2	64258
–	48	0	8211
†	48	3	8224
‡	48	3	8225
·	26	0	183
¶	48	3	182
•	50	2	8226
‚	28	1	8218
„	42	1	8222
”	42	2	8221
»	42	0	187
…	81	0	8230
‰	116	2	8240
¿	37	1	191
`	48	2	96
´	48	2	180
¯	48	2	175
¨	48	2	168
¸	48	1	184
—	81	0	8212
Æ	107	2	198
ª	48	2	170
Ø	85	2	216
º	48	2	186
æ	65	0	230
ø	54	0	248
ß	55	2	223
Á	76	2	193
Â	76	2	194
Ä	76	2	196
À	76	2	192
Å	76	2	197
Ã	76	2	195
Ç	74	3	199
É	63	2	201
Ê	63	2	202
Ë	63	2	203
È	63	2	200
Ð	79	2	208
Í	33	2	205
Î	33	2	206
Ï	33	2	207
Ì	33	2	204
Ñ	85	2	209
Ó	85	2	211
Ô	85	2	212
Ö	85	2	214
Ò	85	2	210
Õ	85	2	213
Þ	59	2	222
Ú	81	2	218
Û	81	2	219
Ü	81	2	220
Ù	81	2	217
Ý	72	2	221
á	42	2	225
â	42	2	226
ä	42	2	228
à	42	2	224
å	42	2	229
ã	42	2	227
¦	50	3	166
ç	42	1	231
©	50	2	169
°	48	2	176
÷	81	0	247
é	42	2	233
ê	42	2	234
ë	42	2	235
è	42	2	232
ð	54	2	240
í	28	2	237
î	28	2	238
ï	28	2	239
ì	28	2	236
¬	81	0	172
·	26	0	183
µ	55	1	181
×	81	0	215
ñ	55	2	241
ó	54	2	243
ô	54	2	244
ö	54	2	246
ò	54	2	242
½	81	2	189
¼	81	2	188
¹	33	2	185
õ	54	2	245
±	81	3	177
®	50	2	174
­	26	0	173
hy	"
þ	54	3	254
¾	81	2	190
³	33	2	179
²	33	2	178
ú	54	2	250
û	54	2	251
ü	54	2	252
ù	54	2	249
ý	54	3	253
ÿ	54	3	255
