name GM
fontname GaramondNo8-Med
spacewidth 28
charset
!	28	2	33
"	41	2	34
#	50	2	35
$	50	2	36
%	83	2	37
&	85	2	38
’	26	2	8217
(	31	3	40
)	31	3	41
*	50	2	42
+	83	0	43
,	28	1	44
-	28	0	45
.	28	0	46
/	50	2	47
0	50	2	48
1	50	2	49
2	50	2	50
3	50	2	51
4	50	2	52
5	50	2	53
6	50	2	54
7	50	2	55
8	50	2	56
9	50	2	57
:	28	0	58
;	28	1	59
<	100	2	60
=	83	0	61
>	100	2	62
?	39	2	63
@	83	3	64
A	76	2	65
B	66	2	66
C	76	2	67
D	83	2	68
E	63	2	69
F	63	2	70
G	81	2	71
H	89	2	72
I	39	2	73
J	37	3	74
K	74	2	75
L	61	2	76
M	94	2	77
N	85	2	78
O	87	2	79
P	63	2	80
Q	87	3	81
R	74	2	82
S	54	2	83
T	66	2	84
U	81	2	85
V	74	2	86
W	100	2	87
X	76	2	88
Y	70	2	89
Z	66	2	90
[	31	3	91
\	50	2	92
]	31	3	93
^	50	2	94
_	50	1	95
‘	26	2	8216
a	46	0	97
b	55	2	98
c	42	0	99
d	55	2	100
e	44	0	101
f	35	2	102
g	54	1	103
h	59	2	104
i	30	2	105
j	28	3	106
k	55	2	107
l	30	2	108
m	87	0	109
n	59	0	110
o	54	0	111
p	55	1	112
q	55	1	113
r	42	0	114
s	37	0	115
t	37	2	116
u	59	0	117
v	54	0	118
w	76	0	119
x	54	0	120
y	52	1	121
z	48	0	122
{	50	3	123
|	50	3	124
}	50	3	125
~	100	2	126
¡	28	1	161
¢	50	2	162
£	50	2	163
⁄	11	2	8260
¥	50	2	165
§	50	3	167
¤	50	2	164
'	26	2	39
“	46	2	8220
«	48	0	171
‹	31	0	8249
›	31	0	8250
ﬁ	59	2	64257
ﬂ	59	2	64258
–	50	0	8211
†	50	3	8224
‡	50	3	8225
·	28	0	183
¶	50	3	182
•	50	2	8226
‚	26	1	8218
„	46	1	8222
”	46	2	8221
»	48	0	187
…	83	0	8230
‰	114	2	8240
¿	39	1	191
`	50	2	96
´	50	2	180
¯	50	2	175
¨	50	2	168
¸	50	1	184
—	83	0	8212
Æ	98	2	198
ª	46	2	170
Ø	87	2	216
º	46	2	186
æ	68	0	230
ø	54	0	248
ß	59	2	223
Á	76	2	193
Â	76	2	194
Ä	76	2	196
À	76	2	192
Å	76	2	197
Ã	76	2	195
Ç	76	3	199
É	63	2	201
Ê	63	2	202
Ë	63	2	203
È	63	2	200
Ð	83	2	208
Í	39	2	205
Î	39	2	206
Ï	39	2	207
Ì	39	2	204
Ñ	85	2	209
Ó	87	2	211
Ô	87	2	212
Ö	87	2	214
Ò	87	2	210
Õ	87	2	213
Þ	63	2	222
Ú	81	2	218
Û	81	2	219
Ü	81	2	220
Ù	81	2	217
Ý	70	2	221
á	46	2	225
â	46	2	226
ä	46	2	228
à	46	2	224
å	46	2	229
ã	46	2	227
¦	50	3	166
ç	42	1	231
©	50	2	169
°	50	2	176
÷	83	0	247
é	44	2	233
ê	44	2	234
ë	44	2	235
è	44	2	232
ð	54	2	240
í	30	2	237
î	30	2	238
ï	30	2	239
ì	30	2	236
¬	83	0	172
·	28	0	183
µ	55	1	181
×	83	2	215
ñ	59	2	241
ó	54	2	243
ô	54	2	244
ö	54	2	246
ò	54	2	242
½	83	2	189
¼	83	2	188
¹	35	2	185
õ	54	2	245
±	83	1	177
®	50	2	174
­	28	0	173
þ	55	3	254
¾	83	2	190
³	35	2	179
²	35	2	178
ú	59	2	250
û	59	2	251
ü	59	2	252
ù	59	2	249
ý	52	3	253
ÿ	52	3	255
